https://coolors.co/403f4c-2660a4-fc8941-e9d758-fcf7ff

black 403f4c (64.0, 63.0, 76.0, 1.0) (0.251, 0.247, 0.298, 1.0)
blue 2660a4 (38.0, 96.0, 164.0, 1.0) (0.149, 0.376, 0.643, 1.0)
orange fc8941 (252.0, 137.0, 65.0, 1.0) (0.988, 0.537, 0.255, 1.0)
yellow e9d758 (233.0, 215.0, 88.0, 1.0) (0.914, 0.843, 0.345, 1.0)
white fcf7ff (252.0, 247.0, 255.0, 1.0) (0.988, 0.969, 1.0, 1.0)

Btn yellow
normal (0.914, 0.843, 0.345, 1.0)
hover (0.795, 0.734, 0.304, 1.0)
press (0.710, 0.646, 0.191, 1.0)

Btn orange
normal (0.988, 0.537, 0.255, 1.0)
hover (0.935, 0.456, 0.157, 1.0)
press (0.825, 0.335, 0.028, 1.0)

